Seq_ID,Name,Type,n_mut,mutations,pred_brightness,pred_relative,esm_pll_per_res,esm_delta_pll,combined,seq,len,in_exclusion,starts_M
1,S1_avGFP_2mut,avGFP,2,I152S:T38R,4.426819071173668,5.100431733834676,-0.4679711606322216,0.003268746768727,6.061192455537176,MSKGEELFTGVVPILVELDGDVNGHKFSVSGEGEGDARYGKLTLKFICTTGKLPVPWPTLVTTLSYGVQCFSRYPDHMKQHDFFKSAMPEGYVQERTIFFKDDGNYKTRAEVKFEGDTLVNRIELKGIDFKEDGNILGHKLEYNYNSHNVYSMADKQKNGIKVNFKIRHNIEDGSVQLADHYQQNTPIGDGPVLLPDNHYLSTQSALSKDPNEKRDHMVLLEFVTAAGITHGMDELYK,238,False,True
2,S2_avGFP_3mut,avGFP,3,I152S:I171Q:A179E,4.901270627975464,15.207523490546745,-0.4702024059135373,0.0010375014874113,5.420021371681156,MSKGEELFTGVVPILVELDGDVNGHKFSVSGEGEGDATYGKLTLKFICTTGKLPVPWPTLVTTLSYGVQCFSRYPDHMKQHDFFKSAMPEGYVQERTIFFKDDGNYKTRAEVKFEGDTLVNRIELKGIDFKEDGNILGHKLEYNYNSHNVYSMADKQKNGIKVNFKIRHNQEDGSVQLEDHYQQNTPIGDGPVLLPDNHYLSTQSALSKDPNEKRDHMVLLEFVTAAGITHGMDELYK,238,False,True
3,S3_cgreGFP_4mut,cgreGFP,4,K163S:G130C:A8Q:W192A,5.537058651447296,10.968434169271749,-0.4573319780065658,0.006597348476978,8.835732889936331,MTALTEGQKLFEKEIPYITELEGDVEGMKFIIKGEGTGDATTGTIKAKYICTTGDLPVPWATILSSLSYGVFCFAKYPRHIADFFKSTQPDGYSQDRIISFDNDGQYDVKAKVTYENGTLYNRVTVKGTCFKSNGNILGMRVLYHSPPHAVYILPDRKNGGMSIEYNKAFDVMGGGHQMARHAQFNKPLGAAEEDYPLYHHLTVWTSFGKDPDDDETDHLTIVEVIKAVDLETYR,235,False,True
4,S4_ppluGFP_4mut,ppluGFP,4,E18S:D171P:G120L:S159P,5.523103073239327,19.828019006940576,-0.445202045612507,0.0038529129715653,7.449559559021985,MPAMKIECRITGTLNGVSFELVGGGEGTPEQGRMTNKMKSTKGALTFSPYLLSHVMGYGFYHFGTYPSGYENPFLHAINNGGYTNTRIEKYEDGGVLHVSFSYRYEAGRVIGDFKVVGTLFPEDSVIFTDKIIRSNATVEHLHPMGDNVLVGSFARTFPLRDGGYYSFVVPSHMHFKSAIHPSILQNGGPMFAFRRVEELHSNTELGIVEYQHAFKTPIAFA,222,False,True
5,S5_amacGFP_2mut,amacGFP,2,K166V:Y200V,4.288599669933319,2.07905661293439,-0.4663173130580357,0.000459302373293,4.518250856579848,MSKGEELFTGIVPVLIELDGDVHGHKFSVRGEGEGDADYGKLEIKFICTTGKLPVPWPTLVTTLSYGILCFARYPEHMKMNDFFKSAMPEGYIQERTIFFQDDGKYKTRGEVKFEGDTLVNRIELKGMDFKEDGNILGHKLEYNFNSHNVYIMPDKANNGLKVNFVIRHNIEGGGVQLADHYQTNVPLGDGPVLIPINHVLSCQTAISKDRNETRDHMVFLEFFSACGHTHGMDELYK,238,False,True
6,S6_avGFP_sfGFP_superfold,avGFP,7,S65T/S72A/V163A/T203I/S202D/A206V/I152S,,,-0.4796077183314732,-0.008367810930524522,,MSKGEELFTGVVPILVELDGDVNGHKFSVSGEGEGDATYGKLTLKFICTTGKLPVPWPTLVTTLTYGVQCFARYPDHMKQHDFFKSAMPEGYVQERTIFFKDDGNYKTRAEVKFEGDTLVNRIELKGIDFKEDGNILGHKLEYNYNSHNVYSMADKQKNGIKANFKIRHNIEDGSVQLADHYQQNTPIGDGPVLLPDNHYLDIQSVLSKDPNEKRDHMVLLEFVTAAGITHGMDELYK,238,False,True
